send:

1800\r\n

receive:

// Header
1800;8
// Temperaturwerte
1100;12;256;254;267;261;50;445;450;125;121;750;200 ;0
// Status WP-Eingänge
1200;6;1;1;0;1;1;0
// Status WP-Ausgänge
1300;13;0;0;1;1;0;1;0;0;0;0;0;0;0
// Ablaufzeiten
1400;29;0;0;0;0;0;0;0;0;0;0;0;0;0;0;1;1;3;0;0;0;0; 0;38;0;0;0;0;0;0
// Betriebsstunden
1450;9;3628317;2161;1678;3121663;2162;1443;372727; 0;6230122
// Sub-Header
1500;5
// Fehlermeldung 1 (z.B. Fehler 709, vom 22.11.2008 11.54 Uhr)
1500;1500;6;709;22;11;8;11;54
// Fehlermeldung 2
1500;1501;6;715;22;11;8;12;4
// Fehlermeldung 3
1500;1502;6;709;22;11;8;12;4
// Fehlermeldung 4
1500;1503;6;711;11;12;8;20;24
// Fehlermeldung 5
1500;1504;6;708;13;12;8;14;9
// Sub-Footer
1500;5
// Sub-Header
1600;5
// Abschaltung 1 (z.B. Abschaltgrund 010, vom 19.12.2008 12.32 Uhr)
1600;1600;6;010;19;12;8;12;32
// Abschaltung 2
1600;1601;6;010;19;12;8;14;54
// Abschaltung 3
1600;1602;6;010;19;12;8;17;10
// Abschaltung 4
1600;1603;6;010;19;12;8;19;31
// Abschaltung 5
1600;1604;6;010;19;12;8;21;14
// Sub-Footer
1600;5
// Anlagenstatus
1700;12;2;V2.33;1;5;19;12;8;10;42;12;0;1
// Footer
1800;8
